0.013722 
0.027444 
0.041166 
0.054887 
0.068609 
0.082331 
0.096053 
0.109775 
0.123497 
0.137218 
0.150940 
0.164662 
0.178384 
0.192106 
0.205828 
0.219549 
0.233271 
0.246993 
0.260715 
0.274437 
0.288159 
0.301881 
0.315602 
0.329324 
0.343046 
0.356768 
0.370490 
0.384212 
0.397934 
0.411655 
0.425377 
0.439099 
0.452821 
0.466543 
0.480265 
0.493987 
0.507708 
0.521430 
0.535152 
0.548874 
0.562596 
0.576317 
0.590039 
0.603761 
0.617483 
0.631205 
0.644927 
0.658648 
0.672370 
0.686092 
0.699814 
0.713536 
0.727258 
0.740979 
0.754701 
0.768423 
0.782145 
0.795867 
0.809588 
0.823310 
0.837032 
0.850754 
0.864476 
0.878198 
0.891919 
0.905641 
0.919363 
0.933085 
0.946807 
0.960529 
0.974250 
0.987972 
1.001694 
1.015416 
1.029138 
1.042860 
1.056581 
1.070303 
1.084025 
1.097747 
1.111469 
1.125190 
1.138912 
1.152634 
1.166356 
1.180078 
1.193800 
1.207521 
1.221243 
1.234965 
1.248687 
1.262409 
1.276131 
1.289852 
1.303574 
1.317296 
1.331018 
1.344740 
1.358461 
1.372183 
1.385905 
1.399627 
1.413349 
1.427071 
1.440792 
1.454514 
1.468236 
1.481958 
1.495680 
1.509402 
1.523123 
1.536845 
1.550567 
1.564289 
1.578011 
1.591733 
1.605454 
1.619176 
1.632898 
1.646620 
1.660342 
1.674063 
1.687785 
1.701507 
1.715229 
1.728951 
1.742673 
1.756394 
1.770116 
1.783838 
1.797560 
1.811282 
1.825004 
1.838725 
1.852447 
1.866169 
1.879891 
1.893613 
1.907334 
1.921056 
1.934778 
1.948500 
1.962222 
1.975944 
1.989665 
2.003387 
2.017109 
2.030831 
2.044553 
2.058275 
2.071997 
2.085719 
2.099441 
2.113163 
2.126885 
2.140607 
2.154329 
2.168051 
2.181772 
2.195494 
2.209216 
2.222938 
2.236660 
2.250382 
2.264104 
2.277826 
2.291548 
2.305270 
2.318992 
2.332714 
2.346436 
2.360158 
2.373880 
2.387602 
2.401324 
2.415045 
2.428767 
2.442489 
2.456211 
2.469933 
2.483655 
2.497377 
2.511099 
2.524821 
2.538543 
2.552265 
2.565987 
2.579709 
2.593431 
2.607153 
2.620875 
2.634597 
2.648319 
2.662040 
2.675762 
2.689484 
2.703206 
2.716928 
2.730650 
2.744372 
2.758094 
2.771816 
2.785538 
2.799260 
2.812982 
2.826704 
2.840426 
2.854148 
2.867870 
2.881592 
2.895314 
2.909035 
2.922757 
2.936479 
2.950201 
2.963923 
2.977645 
2.991367 
3.005089 
3.018811 
3.032533 
3.046255 
3.059977 
3.073699 
3.087421 
3.101143 
3.114865 
3.128587 
3.142308 
3.156030 
3.169752 
3.183474 
3.197196 
3.210918 
3.224640 
3.238362 
3.252084 
3.265806 
3.279528 
3.293250 
3.306972 
3.320694 
3.334416 
3.348138 
3.361860 
3.375582 
3.389303 
3.403025 
3.416747 
3.430469 
3.444191 
3.457913 
3.471635 
3.485357 
3.499079 
3.512801 
3.526523 
3.540245 
3.553967 
3.567689 
3.581411 
3.595133 
3.608855 
3.622576 
3.636298 
3.650020 
3.663742 
3.677464 
3.691186 
3.704908 
3.718630 
3.732352 
3.746074 
3.759796 
3.773518 
3.787240 
3.800962 
3.814684 
3.828406 
3.842128 
3.855850 
3.869571 
3.883293 
3.897015 
3.910737 
3.924459 
3.938181 
3.951903 
3.965625 
3.979347 
3.993069 
4.006791 
4.020513 
4.034235 
4.047956 
4.061678 
4.075400 
4.089122 
4.102844 
4.116566 
4.130288 
4.144010 
4.157732 
4.171454 
4.185176 
4.198898 
4.212620 
4.226342 
4.240064 
4.253786 
4.267508 
4.281229 
4.294951 
4.308673 
4.322395 
4.336117 
4.349839 
4.363561 
4.377283 
4.391005 
4.404727 
4.418449 
4.432171 
4.445893 
4.459615 
4.473337 
4.487059 
4.500781 
4.514503 
4.528224 
4.541946 
4.555668 
4.569390 
4.583112 
4.596834 
4.610556 
4.624278 
4.638000 
4.651722 
4.665444 
4.679166 
4.692888 
4.706610 
4.720332 
4.734054 
4.747776 
4.761497 
4.775219 
4.788941 
4.802663 
4.816385 
4.830107 
4.843829 
4.857551 
4.871273 
4.884995 
4.898717 
4.912439 
4.926161 
4.939883 
5.072846 
5.205809 
5.338772 
5.471735 
5.604699 
5.737662 
5.870625 
6.003588 
6.136551 
6.269515 
6.402478 
6.535441 
6.668404 
6.801367 
6.934330 
7.067294 
7.200257 
7.333220 
7.466183 
7.599146 
7.732110 
7.865073 
7.998036 
8.130999 
8.263962 
8.396925 
8.529888 
8.662851 
8.795815 
8.928778 
9.061741 
9.194704 
9.327667 
9.460630 
9.593594 
9.726557 
9.859520 
9.992483 
10.125446 
10.258410 
10.391373 
10.524336 
10.657299 
10.790262 
10.923225 
11.056189 
11.189152 
11.322115 
11.455078 
11.588041 
11.721004 
11.853968 
11.986931 
12.119894 
12.252857 
12.385820 
12.518784 
12.651747 
12.784710 
12.917673 
13.050636 
13.183599 
13.316563 
13.449526 
13.582489 
13.715452 
13.848415 
13.981379 
14.114342 
14.247305 
14.380268 
14.513231 
14.646194 
14.779158 
14.912121 
15.045084 
15.178047 
15.311010 
15.443974 
15.576937 
15.709900 
15.842863 
15.975826 
16.108789 
16.241753 
16.374716 
16.507679 
16.640642 
16.773605 
16.906569 
17.039532 
17.172495 
17.305458 
17.438421 
17.571384 
17.704348 
17.837311 
17.970274 
18.103237 
18.236200 
18.369164 
18.502127 
18.635090 
18.768053 
18.901016 
19.033979 
19.166943 
19.299906 
19.432869 
19.565832 
19.698795 
19.831758 
19.964722 
20.097685 
20.230648 
20.363611 
20.496574 
20.629538 
20.762501 
20.895464 
21.028427 
21.161390 
21.294353 
21.427317 
21.560280 
21.693243 
21.826206 
21.959169 
22.092133 
22.225096 
22.358059 
22.491022 
22.623985 
22.756948 
22.889912 
23.022875 
23.155838 
23.288801 
23.421764 
23.554728 
23.687691 
23.820654 
23.953617 
24.086580 
24.219543 
24.352507 
24.485470 
24.618433 
24.751396 
24.884359 
25.017323 
25.150286 
25.283249 
25.416212 
25.549175 
25.682138 
25.815102 
25.948065 
26.081028 
26.213991 
26.346954 
26.479918 
26.612881 
26.745844 
26.878807 
27.011770 
27.144733 
27.277697 
27.410660 
27.543623 
27.676586 
27.809549 
27.942513 
28.075476 
28.208439 
28.341402 
28.474365 
28.607328 
28.740292 
28.873255 
29.006218 
29.139181 
29.272144 
29.405107 
29.538071 
29.671034 
29.803997 
29.936960 
