0.027444 
0.027444 
0.027444 
0.041166 
0.027444 
0.054887 
0.068609 
0.027444 
0.082331 
0.027444 
0.096053 
0.027444 
0.109775 
0.027444 
0.123497 
0.027444 
0.027444 
0.137218 
0.027444 
0.150940 
0.027444 
0.164662 
0.027444 
0.178384 
0.027444 
0.192106 
0.027444 
0.205828 
0.027444 
0.219549 
0.027444 
0.233271 
0.027444 
0.246993 
0.027444 
0.260715 
0.274437 
0.027444 
0.288159 
0.027444 
0.301881 
0.027444 
0.315602 
0.027444 
0.329324 
0.027444 
0.343046 
0.027444 
0.356768 
0.027444 
0.370490 
0.027444 
0.384212 
0.027444 
0.397934 
0.027444 
0.411655 
0.027444 
0.425377 
0.027444 
0.439099 
0.027444 
0.452821 
0.027444 
0.466543 
0.027444 
0.480265 
0.027444 
0.493986 
0.027444 
0.027444 
0.507708 
0.027444 
0.521430 
0.027444 
0.535152 
0.027444 
0.548874 
0.027444 
0.562596 
0.027444 
0.576318 
0.027444 
0.590039 
0.027444 
0.603761 
0.027444 
0.617483 
0.027444 
0.631205 
0.027444 
0.644927 
0.027444 
0.658648 
0.027444 
0.672370 
0.027444 
0.686092 
0.027444 
0.699814 
0.027444 
0.713536 
0.027444 
0.727258 
0.027444 
0.740979 
0.027444 
0.754701 
0.027444 
0.768423 
0.027444 
0.782145 
0.027444 
0.795867 
0.027444 
0.809589 
0.027444 
0.823310 
0.027444 
0.837032 
0.027444 
0.850754 
0.027444 
0.864476 
0.027444 
0.878198 
0.027444 
0.891919 
0.027444 
0.905641 
0.027444 
0.919363 
0.027444 
0.933085 
0.027444 
0.946807 
0.027444 
0.960529 
0.027444 
0.974250 
0.027444 
0.987972 
0.027444 
1.001694 
0.027444 
1.015416 
0.027444 
1.029138 
0.027444 
1.042860 
0.027444 
1.056581 
0.027444 
1.070303 
0.027444 
1.084025 
0.027444 
1.097747 
0.027444 
1.111469 
0.027444 
1.125190 
0.027444 
1.138912 
0.027444 
1.152634 
0.027444 
1.166356 
0.027444 
1.180078 
0.027444 
1.193800 
0.027444 
1.207521 
0.027444 
1.221243 
0.027444 
1.234965 
0.027444 
1.248687 
0.027444 
1.262409 
0.027444 
1.276131 
0.027444 
1.289852 
0.027444 
1.303574 
0.027444 
1.317296 
0.027444 
1.331018 
0.027444 
1.344740 
0.027444 
1.358461 
0.027444 
1.372183 
0.027444 
1.385905 
0.027444 
1.399627 
0.027444 
1.413349 
0.027444 
1.427071 
0.027444 
1.440792 
0.027444 
1.454514 
0.027444 
1.468236 
0.027444 
1.481958 
0.027444 
1.495680 
0.027444 
1.509402 
0.027444 
1.523123 
0.027444 
1.536845 
0.027444 
1.550567 
0.027444 
1.564289 
0.027444 
1.578011 
0.027444 
1.591733 
0.027444 
1.605454 
0.027444 
1.619176 
0.027444 
1.632898 
0.027444 
1.646620 
0.027444 
1.660342 
0.027444 
1.674063 
0.027444 
1.687785 
0.027444 
1.701507 
0.027444 
1.715229 
0.027444 
1.728951 
0.027444 
1.742673 
0.027444 
1.756394 
0.027444 
1.770116 
0.027444 
1.783838 
0.027444 
1.797560 
0.027444 
1.811282 
0.027444 
1.825004 
0.027444 
1.838725 
0.027444 
1.852447 
0.027444 
1.866169 
0.027444 
1.879891 
0.027444 
1.893613 
0.027444 
1.907334 
0.027444 
1.921056 
0.027444 
1.934778 
0.027444 
1.948500 
0.027444 
1.962222 
0.027444 
1.975944 
0.027444 
1.989665 
0.027444 
2.003387 
0.027444 
2.017109 
2.030831 
0.027444 
2.044553 
0.027444 
2.058275 
0.027444 
2.071997 
0.027444 
2.085719 
0.027444 
2.099441 
0.027444 
2.113163 
0.027444 
2.126884 
0.027444 
2.140606 
0.027444 
2.154328 
0.027444 
2.168050 
0.027444 
2.181772 
0.027444 
2.195494 
0.027444 
2.209216 
0.027444 
2.222938 
0.027444 
2.236660 
0.027444 
2.250382 
0.027444 
2.264104 
0.027444 
2.277826 
0.027444 
2.291548 
0.027444 
2.305270 
0.027444 
2.318992 
0.027444 
2.332714 
0.027444 
2.346436 
0.027444 
2.360157 
0.027444 
2.373879 
0.027444 
2.387601 
0.027444 
2.401323 
0.027444 
2.415045 
0.027444 
2.428767 
0.027444 
2.442489 
0.027444 
2.456211 
0.027444 
2.469933 
0.027444 
2.483655 
0.027444 
2.497377 
0.027444 
2.511099 
0.027444 
2.524821 
0.027444 
2.538543 
0.027444 
2.552265 
0.027444 
2.565987 
0.027444 
2.579709 
0.027444 
2.593431 
0.027444 
2.607152 
0.027444 
2.620874 
0.027444 
2.634596 
0.027444 
2.648318 
0.027444 
2.662040 
0.027444 
2.675762 
0.027444 
2.689484 
0.027444 
2.703206 
0.027444 
2.716928 
0.027444 
2.730650 
0.027444 
2.744372 
0.027444 
2.758094 
0.027444 
2.771816 
0.027444 
2.785538 
0.027444 
2.799260 
0.027444 
2.812982 
0.027444 
2.826704 
0.027444 
2.840425 
0.027444 
2.854147 
0.027444 
2.867869 
0.027444 
2.881591 
0.027444 
2.895313 
0.027444 
2.909035 
0.027444 
2.922757 
0.027444 
2.936479 
0.027444 
2.950201 
0.027444 
2.963923 
0.027444 
2.977645 
0.027444 
2.991367 
0.027444 
3.005089 
0.027444 
3.018811 
0.027444 
3.032533 
0.027444 
3.046255 
0.027444 
3.059977 
0.027444 
3.073699 
0.027444 
3.087420 
0.027444 
3.101142 
0.027444 
3.114864 
0.027444 
3.128586 
0.027444 
3.142308 
0.027444 
3.156030 
0.027444 
3.169752 
0.027444 
3.183474 
0.027444 
3.197196 
0.027444 
3.210918 
0.027444 
3.224640 
0.027444 
3.238362 
0.027444 
3.252084 
0.027444 
3.265806 
0.027444 
3.279528 
0.027444 
3.293250 
0.027444 
3.306972 
0.027444 
3.320693 
0.027444 
3.334415 
0.027444 
3.348137 
0.027444 
3.361859 
0.027444 
3.375581 
0.027444 
3.389303 
0.027444 
3.403025 
0.027444 
3.416747 
0.027444 
3.430469 
0.027444 
3.444191 
0.027444 
3.457913 
0.027444 
3.471635 
0.027444 
3.485357 
0.027444 
3.499079 
0.027444 
3.512801 
0.027444 
3.526523 
0.027444 
3.540245 
0.027444 
3.553967 
0.027444 
3.567688 
0.027444 
3.581410 
0.027444 
3.595132 
0.027444 
3.608854 
0.027444 
3.622576 
0.027444 
3.636298 
0.027444 
3.650020 
0.027444 
3.663742 
0.027444 
3.677464 
0.027444 
3.691186 
0.027444 
3.704908 
0.027444 
3.718630 
0.027444 
3.732352 
0.027444 
3.746074 
0.027444 
3.759796 
0.027444 
3.773518 
0.027444 
3.787240 
0.027444 
3.800961 
0.027444 
3.814683 
0.027444 
3.828405 
0.027444 
3.842127 
0.027444 
3.855849 
0.027444 
3.869571 
0.027444 
3.883293 
0.027444 
3.897015 
0.027444 
3.910737 
0.027444 
3.924459 
0.027444 
3.938181 
0.027444 
3.951903 
0.027444 
3.965625 
0.027444 
3.979347 
0.027444 
3.993069 
0.027444 
0.027444 
4.006791 
0.027444 
4.020513 
0.027444 
4.034235 
0.027444 
4.047956 
0.027444 
4.061678 
0.027444 
4.075400 
0.027444 
4.089122 
0.027444 
4.102844 
0.027444 
4.116566 
0.027444 
4.130288 
0.027444 
4.144010 
0.027444 
4.157732 
0.027444 
4.171454 
0.027444 
4.185176 
0.027444 
4.198898 
0.027444 
4.212620 
0.027444 
4.226342 
0.027444 
4.240064 
0.027444 
4.253786 
0.027444 
4.267508 
0.027444 
4.281229 
0.027444 
4.294951 
0.027444 
4.308673 
0.027444 
4.322395 
0.027444 
4.336117 
0.027444 
4.349839 
0.027444 
4.363561 
0.027444 
4.377283 
0.027444 
4.391005 
0.027444 
4.404727 
0.027444 
4.418449 
0.027444 
4.432171 
0.027444 
4.445893 
0.027444 
4.459615 
0.027444 
4.473337 
0.027444 
4.487059 
0.027444 
4.500781 
0.027444 
4.514503 
0.027444 
4.528224 
0.027444 
4.541946 
0.027444 
4.555668 
0.027444 
4.569390 
0.027444 
4.583112 
0.027444 
4.596834 
0.027444 
4.610556 
0.027444 
4.624278 
0.027444 
4.638000 
0.027444 
4.651722 
0.027444 
4.665444 
0.027444 
4.679166 
0.027444 
4.692888 
0.027444 
4.706610 
0.027444 
4.720332 
0.027444 
4.734054 
0.027444 
4.747776 
0.027444 
4.761497 
0.027444 
4.775219 
0.027444 
4.788941 
0.027444 
4.802663 
0.027444 
4.816385 
0.027444 
4.830107 
0.027444 
4.843829 
0.027444 
4.857551 
0.027444 
4.871273 
0.027444 
4.884995 
0.027444 
4.898717 
0.027444 
4.912439 
0.027444 
4.926161 
0.265926 
4.939883 
4.953605 
0.265926 
5.205809 
0.265926 
5.338772 
0.265926 
5.471735 
0.265926 
5.604698 
0.265926 
5.737661 
0.265926 
5.870625 
0.265926 
6.003588 
0.265926 
6.136551 
0.265926 
6.269514 
0.265926 
6.402477 
0.265926 
6.535440 
0.265926 
6.668404 
0.265926 
6.801367 
0.265926 
6.934330 
0.265926 
7.067293 
0.265926 
7.200256 
0.265926 
7.333220 
0.265926 
7.466183 
0.265926 
7.599146 
0.265926 
7.732109 
0.265926 
7.865072 
0.265926 
7.998035 
0.265926 
0.265926 
8.130999 
0.265926 
8.263962 
0.265926 
8.396925 
0.265926 
8.529888 
0.265926 
8.662851 
0.265926 
8.795815 
0.265926 
8.928778 
0.265926 
9.061741 
0.265926 
9.194704 
0.265926 
9.327667 
0.265926 
9.460630 
0.265926 
9.593594 
0.265926 
9.726557 
0.265926 
9.859520 
0.265926 
9.992483 
0.265926 
10.125446 
0.265926 
10.258410 
0.265926 
10.391373 
0.265926 
10.524336 
0.265926 
10.657299 
0.265926 
10.790262 
0.265926 
10.923225 
0.265926 
11.056189 
0.265926 
11.189152 
0.265926 
11.322115 
0.265926 
11.455078 
0.265926 
11.588041 
0.265926 
11.721004 
0.265926 
11.853968 
0.265926 
11.986931 
0.265926 
12.119894 
0.265926 
12.252857 
0.265926 
12.385820 
0.265926 
12.518784 
0.265926 
12.651747 
0.265926 
12.784710 
0.265926 
12.917673 
0.265926 
13.050636 
0.265926 
13.183599 
0.265926 
13.316563 
0.265926 
13.449526 
0.265926 
13.582489 
0.265926 
13.715452 
0.265926 
13.848415 
0.265926 
13.981379 
0.265926 
14.114342 
0.265926 
14.247305 
0.265926 
14.380268 
0.265926 
14.513231 
0.265926 
14.646194 
0.265926 
14.779158 
0.265926 
14.912121 
0.265926 
15.045084 
0.265926 
15.178047 
0.265926 
15.311010 
0.265926 
15.443974 
0.265926 
15.576937 
0.265926 
15.709900 
0.265926 
15.842863 
0.265926 
15.975826 
0.265926 
16.108789 
0.265926 
16.241753 
0.265926 
16.374716 
0.265926 
16.507679 
0.265926 
16.640642 
0.265926 
16.773605 
0.265926 
16.906569 
0.265926 
17.039532 
0.265926 
17.172495 
0.265926 
17.305458 
0.265926 
17.438421 
0.265926 
17.571384 
0.265926 
17.704348 
0.265926 
17.837311 
0.265926 
17.970274 
0.265926 
18.103237 
0.265926 
18.236200 
0.265926 
18.369164 
0.265926 
18.502127 
0.265926 
18.635090 
0.265926 
18.768053 
0.265926 
18.901016 
0.265926 
19.033979 
0.265926 
19.166943 
0.265926 
19.299906 
0.265926 
19.432869 
0.265926 
19.565832 
0.265926 
19.698795 
0.265926 
19.831758 
0.265926 
19.964722 
0.265926 
20.097685 
0.265926 
20.230648 
0.265926 
20.363611 
0.265926 
20.496574 
0.265926 
20.629538 
0.265926 
20.762501 
0.265926 
20.895464 
0.265926 
21.028427 
0.265926 
21.161390 
0.265926 
21.294353 
0.265926 
21.427317 
0.265926 
21.560280 
0.265926 
21.693243 
0.265926 
21.826206 
0.265926 
21.959169 
0.265926 
22.092133 
0.265926 
22.225096 
0.265926 
22.358059 
0.265926 
22.491022 
0.265926 
22.623985 
0.265926 
22.756948 
0.265926 
22.889912 
0.265926 
23.022875 
0.265926 
23.155838 
0.265926 
23.288801 
0.265926 
23.421764 
0.265926 
23.554728 
0.265926 
23.687691 
0.265926 
23.820654 
0.265926 
23.953617 
0.265926 
24.086580 
0.265926 
24.219543 
0.265926 
24.352507 
0.265926 
24.485470 
0.265926 
24.618433 
0.265926 
24.751396 
0.265926 
24.884359 
0.265926 
25.017323 
0.265926 
25.150286 
0.265926 
25.283249 
0.265926 
25.416212 
0.265926 
25.549175 
0.265926 
25.682138 
0.265926 
25.815102 
0.265926 
25.948065 
0.265926 
26.081028 
0.265926 
26.213991 
0.265926 
26.346954 
0.265926 
26.479918 
0.265926 
26.612881 
0.265926 
26.745844 
0.265926 
26.878807 
0.265926 
27.011770 
0.265926 
27.144733 
0.265926 
27.277697 
0.265926 
27.410660 
0.265926 
27.543623 
0.265926 
27.676586 
0.265926 
27.809549 
0.265926 
27.942513 
0.265926 
28.075476 
0.265926 
28.208439 
0.265926 
28.341402 
0.265926 
28.474365 
0.265926 
28.607328 
0.265926 
28.740292 
0.265926 
28.873255 
0.265926 
29.006218 
0.265926 
29.139181 
0.265926 
29.272144 
0.265926 
29.405107 
0.265926 
29.538071 
0.265926 
29.671034 
0.265926 
29.803997 
0.265926 
29.936960 
